0 0.24614894034536897 0.10111374907441192 0.49229788069073793 0.10986041393908824
1 0.24173371271585561 0.34175824175824177 0.43931514913657776 0.3098901098901099
1 0.7373430141287284 0.41098901098901097 0.40620094191522765 0.15824175824175823
0 0.7472772762951334 0.11648351648351647 0.39074764521193084 0.07912087912087912
1 0.8708791208791209 0.23516483516483513 0.25824175824175827 0.15384615384615385
1 0.24725274725274726 0.8318829798436427 0.4945054945054945 0.21321650913783485
1 0.7483835696144793 0.9527472527472528 0.44594296340478257 0.09450549450549445
0 0.2516679748822606 0.6197950677557306 0.5033359497645212 0.1626076666863409
0 0.7561077315541601 0.7692307692307692 0.4260694662480377 0.21538461538461548
0 0.7594191522762952 0.5692307692307692 0.4724293563579278 0.1362637362637362
0 0.7583153453689168 0.04395604395604396 0.3510105965463108 0.06593406593406594
0 0.6302737441130299 0.23846153846153847 0.21855376766091056 0.1648351648351648
